,X,y
0,3.745401188473625,22.08240794423463
1,9.50714306409916,47.8650266030756
2,7.319939418114051,40.36009279258218
3,5.986584841970366,34.15409570041948
4,1.5601864044243652,11.920512917983906
5,1.5599452033620265,12.961287467919377
6,0.5808361216819946,7.572024917507782
7,8.661761457749352,47.22716744720363
8,6.011150117432088,32.91541916424315
9,7.080725777960454,35.08170702277029
10,0.20584494295802447,4.888461153055294
11,9.699098521619943,51.91086798242594
12,8.324426408004218,45.165289714411834
13,2.1233911067827616,11.06345838227319
14,1.8182496720710062,9.929135279538507
15,1.8340450985343382,14.276531199337498
16,3.0424224295953772,18.133001840263574
17,5.247564316322379,30.600822976357144
18,4.319450186421157,24.65388768436671
19,2.9122914019804194,17.620969288893587
20,6.118528947223795,35.46921234807097
21,1.3949386065204183,8.942603576167343
22,2.9214464853521815,17.799473980642876
23,3.663618432936917,20.393541587274502
24,4.56069984217036,24.934506755987165
25,7.851759613930136,41.640453822713404
26,1.9967378215835974,13.427956651185413
27,5.142344384136116,27.754224677353626
28,5.924145688620425,35.13224069424916
29,0.46450412719997725,3.533306031560879
30,6.075448519014383,33.0034993067492
31,1.7052412368729153,10.646744067816227
32,0.6505159298527952,9.146535417971442
33,9.488855372533333,50.83738641568982
34,9.656320330745594,53.34529073266524
35,8.08397348116461,40.44874665974911
36,3.0461376917337066,18.764788990407048
37,0.9767211400638387,9.662867291566068
38,6.842330265121569,37.376219304158695
39,4.4015249373960135,27.13858543711077
40,1.2203823484477883,8.067334842038198
41,4.951769101112702,30.577540385934668
42,0.34388521115218396,9.31722230299942
43,9.093204020787821,47.74034298305979
44,2.587799816000169,15.047994037199302
45,6.62522284353982,39.0328831719345
46,3.1171107608941098,21.744698095931973
47,5.200680211778108,27.957681004584003
48,5.4671027934327965,29.49514033297227
49,1.8485445552552704,11.679153558555338
50,9.695846277645586,48.790330366159374
51,7.7513282336111455,39.91933727508733
52,9.394989415641891,47.966665544705315
53,8.948273504276488,46.20577239117418
54,5.978999788110851,32.8256291657807
55,9.218742350231167,49.56214121622888
56,0.884925020519195,10.52562608822413
57,1.959828624191452,10.802435039479677
58,0.45227288910538066,7.230009242480071
59,3.2533033076326436,18.838538849712197
60,3.8867728968948203,22.334937065169235
61,2.713490317738959,17.917090573028002
62,8.287375091519294,42.19143141447187
63,3.567533266935893,21.602485827047566
64,2.8093450968738076,17.37962990079515
65,5.426960831582485,31.119706685928723
66,1.4092422497476265,10.624548536553768
67,8.021969807540398,48.02044931752378
68,0.7455064367977082,5.452052215485909
69,9.868869366005173,51.28235292002223
70,7.722447692966574,40.365957411983345
71,1.987156815341724,11.82482983838811
72,0.05522117123602399,2.0013316015670846
73,8.154614284548341,46.15110448495681
74,7.068573438476172,41.183875688360565
75,7.2900716804098735,38.308865814550416
76,7.712703466859457,39.89880618808883
77,0.7404465173409036,7.645063699477326
78,3.5846572854427263,19.81884033865169
79,1.1586905952512971,10.059316611767507
80,8.631034258755935,46.561017335482276
81,6.232981268275579,31.133418111383435
82,3.308980248526492,22.63991164529258
83,0.6355835028602363,9.769672860492225
84,3.109823217156622,17.32353870481434
85,3.2518332202674705,18.483762981465386
86,7.29606178338064,40.052039698353006
87,6.3755747135521315,35.54678714773471
88,8.872127425763265,48.67772567416199
89,4.722149251619493,30.63115533563016
90,1.195942459383017,8.625817841926986
91,7.13244787222995,37.06564487207284
92,7.607850486168974,38.280613974815815
93,5.612771975694963,29.601999798590974
94,7.70967179954561,41.482105051980454
95,4.937955963643907,31.278895545255114
96,5.227328293819941,28.101418871027363
97,4.275410183585496,24.82462682120528
98,0.2541912674409519,4.238110545059255
99,1.0789142699330445,10.77135789656139
100,0.3142918568673425,9.625324136083956
101,6.364104112637804,33.75878301734838
102,3.143559810763267,17.73892016877989
103,5.085706911647028,30.516856312373285
104,9.07566473926093,49.742106675557274
105,2.4929222914887497,19.158026108915816
106,4.103829230356297,24.687002522433414
107,7.555511385430487,40.058972745578316
108,2.2879816549162246,15.621217935965742
109,0.7697990982879299,9.066402652605465
110,2.8975145291376805,19.128537008083132
111,1.6122128725400442,12.075612424914818
112,9.29697652342573,51.61823199630695
113,8.08120379564417,45.7446101591122
114,6.334037565104235,37.43450580759623
115,8.714605901877178,47.870449284565176
116,8.036720768991145,42.84936768432202
117,1.8657005888603584,12.621930317168438
118,8.925589984899778,50.040967857515604
119,5.393422419156507,28.333240753808063
120,8.074401551640625,44.109354375948925
121,8.960912999234932,47.01788737151994
122,3.1800347497186388,18.957663394462827
123,1.1005192452767676,11.059499951598436
124,2.279351625419417,14.77895626313689
125,4.271077886262563,24.44826252762511
126,8.18014765922493,41.181026014164814
127,8.607305832563434,47.52903629487161
128,0.06952130531190703,4.638574888841687
129,5.107473025775658,32.863874575489206
130,4.17411003148779,23.25499368753295
131,2.2210781047073027,14.54369117886439
132,1.198653673336828,9.492035734105652
133,3.3761517140362796,23.03566512970835
134,9.429097039125192,49.95489413085206
135,3.2320293202075523,19.71818965257844
136,5.187906217433661,30.155324106601384
137,7.030189588951778,38.52416619107161
138,3.63629602379294,20.288612889863643
139,9.717820827209607,51.977284121844654
140,9.624472949421111,53.2696282468251
141,2.5178229582536416,13.536084192446088
142,4.972485058923855,28.128364642913027
143,3.0087830981676964,16.643673860960135
144,2.848404943774676,19.632117976723066
145,0.36886947354532795,1.7979735581590899
146,6.095643339798968,32.36037300445167
147,5.026790232288615,28.888374911572118
148,0.5147875124998935,8.704985620968149
149,2.7864646423661146,16.800822689684594
150,9.082658859666537,47.30289524494629
151,2.395618906669724,18.7404086722298
152,1.448948720912231,7.348715803728666
153,4.89452760277563,23.07502610063799
154,9.856504541106007,53.1625516056367
155,2.4205527151150044,14.098655126869799
156,6.721355474058786,34.5643117360325
157,7.616196153287175,42.49769366103459
158,2.3763754399239967,15.369478627162382
159,7.282163486118596,38.282660169119524
160,3.677831327192532,18.82854783862087
161,6.3230583059357945,36.36020618623926
162,6.335297107608947,35.97688789396206
163,5.357746840747585,29.59038247617916
164,0.902897700544083,11.207762494815746
165,8.35302495589238,42.62495524680959
166,3.2078006497173583,15.987952906737313
167,1.8651851039985423,10.942109380230223
168,0.40775141554763916,4.9475850450272
169,5.908929431882418,33.03132605805748
170,6.775643618422825,36.395745976401464
171,0.16587828927856152,4.533502239421401
172,5.12093058299281,26.10157406658316
173,2.2649577519793795,17.212317968043415
174,6.451727904094499,35.09433716368736
175,1.7436642900499144,13.952913113425828
176,6.90937738102466,38.23233759787871
177,3.867353463005374,23.250273753334437
178,9.367299887367345,50.97603399730113
179,1.3752094414599325,10.771464327334293
180,3.410663510502585,21.338763072248014
181,1.1347352124058907,11.331981122294316
182,9.246936182785628,49.627723253331084
183,8.77339353380981,48.28497518422607
184,2.579416277151556,15.717609997183326
185,6.59984046034179,38.87943673260789
186,8.172222002012159,42.50832540594226
187,5.5520081159946235,34.36192144579475
188,5.296505783560065,29.402213016511638
189,2.418522909004517,12.231064340786489
190,0.9310276780589921,7.911347220116539
191,8.972157579533267,46.49868458271657
192,9.004180571633304,49.70218995614397
193,6.33101457273268,33.34982490505862
194,3.390297910487007,19.059122686005477
195,3.492095746126609,16.681397268741982
196,7.259556788702394,38.39317130501382
197,8.971102599525771,43.007754344370944
198,8.870864242651173,44.18651556628442
199,7.798755458576238,43.51460660516979
200,6.420316461542877,36.673182625016054
201,0.8413996499504883,8.057913373322371
202,1.6162871409461377,9.147483418472262
203,8.985541885270793,47.83228671407
204,6.0642905965958995,33.31424790479836
205,0.09197051616629648,1.1431232024463966
206,1.014715428660321,11.080373746835907
207,6.635017691080558,37.92981303655413
208,0.05061583846218687,2.8111508446516065
209,1.6080805141749865,11.094174248863995
210,5.487337893665861,30.85345508422441
211,6.918951976926932,33.511290147786085
212,6.519612595026006,35.10370821008883
213,2.242693094605598,12.849496977032395
214,7.121792213475358,36.60572104758696
215,2.3724908749680007,14.300253789068094
216,3.2539969815926773,22.865357961662433
217,7.464914051180242,41.60625597843523
218,6.496328990472147,34.33928697279514
219,8.49223410494178,46.60633608742121
220,6.576128923003433,38.679355488189174
221,5.683086033354716,33.264697532599115
222,0.9367476782809248,7.802999131244973
223,3.6771580305943354,20.091916597560527
224,2.6520236768172545,17.656565011313454
225,2.4398964337908358,15.986452939797678
226,9.730105547524456,53.44091417767775
227,3.930977246667604,23.92522983670196
228,8.920465551771134,49.70143318949434
229,6.311386259972629,33.48646087674201
230,7.948113035416484,45.37535330835107
231,5.026370931051921,28.527053864644405
232,5.769038846263591,35.99571597656848
233,4.925176938188639,26.24750905476406
234,1.952429877980445,16.234076996232723
235,7.224521152615053,39.518427330000556
236,2.807723624408558,15.735782114813894
237,0.2431596643145384,3.2480266534640485
238,6.454722959071678,34.63292017896975
239,1.7711067940704894,12.70386586315628
240,9.404585843529143,51.06860019371671
241,9.539285770025874,49.549028842252206
242,9.148643902204485,48.694510326500456
243,3.7015870025544437,25.792475729995946
244,0.15456616528867428,7.227917166644794
245,9.283185625877254,50.28857546873433
246,4.281841483173143,24.485214372202115
247,9.666548190436696,51.57280360562001
248,9.636199770892528,52.40803479992348
249,8.530094554673601,43.6048876429712
250,2.944488920695857,17.207691528632594
251,3.8509772860192526,18.917718282341085
252,8.511366715168569,46.3552798210534
253,3.1692200515627764,20.14049213721936
254,1.6949274668609249,10.508264409705877
255,5.568012624583502,33.98803664949757
256,9.36154774160781,47.35620738203436
257,6.96029796674973,34.872740073329005
258,5.700611700893649,31.95196214158819
259,0.9717649377076854,9.953021293762735
260,6.150072266991698,37.118216717874226
261,9.900538501042632,51.584923979475285
262,1.4008401523652403,12.161562428688793
263,5.183296523637368,28.839465679185423
264,8.773730719279554,46.52339899651613
265,7.407686177542044,41.805750762683566
266,6.97015740995268,39.155432806590234
267,7.024840839871093,34.971419885386965
268,3.5949115121975517,23.92763826043955
269,2.9359184426449336,20.439774921519568
270,8.093611554785136,42.21693237090662
271,8.101133946791808,44.297276800833856
272,8.670723185801037,47.341676301570665
273,9.132405525564714,49.18337515947138
274,5.113423988609378,27.46650963535605
275,5.015162946871996,26.732567998483876
276,7.9829517896677515,42.863650806355864
277,6.4996393077776515,37.84365457740699
278,7.019668772577034,39.18554417207403
279,7.95792669436101,42.048404807632835
280,8.900053418175663,49.043664512175
281,3.379951568515358,14.202672601316639
282,3.75582952639944,24.076679032741403
283,0.93981939840869,4.219669434487251
284,5.78280140996174,31.189125167002437
285,0.35942273796742086,2.5577739005848166
286,4.655980181324601,23.690537955181195
287,5.426446347075766,32.45388531013587
288,2.865412521282844,16.391660203790437
289,5.9083326056901075,33.23467079191197
290,0.3050024993904943,4.431171339194103
291,0.37348188749214417,5.821491091906964
292,8.226005606596583,44.28367181510343
293,3.601906414112629,18.443547622186006
294,1.2706051265188478,11.345559271488519
295,5.222432600548044,28.124649836417593
296,7.699935530986108,38.38651385761104
297,2.1582102749684315,12.934821052910333
298,6.228904758190002,37.146043372218635
299,0.85347464993768,8.967816733915386
300,0.516817211686077,4.886781789614667
301,5.31354631568148,28.86921616977054
302,5.406351216101065,29.38848597807056
303,6.374299014982066,39.02499104203201
304,7.260913337226615,40.068437590596176
305,9.758520794625346,52.65268726750887
306,5.163003483011953,30.875584323123448
307,3.2295647294124596,19.625401965115326
308,7.9518619476870365,42.24122544679378
309,2.708322512620742,16.148912864933756
310,4.389714207056361,24.805368516453676
311,0.7845638134226596,6.848374594093614
312,0.2535074341545751,5.722796258046835
313,9.626484146779251,51.23631250551085
314,8.359801205122059,46.26428618004145
315,6.95974206093698,37.63727714446774
316,4.089529444142698,23.604917601345672
317,1.7329432007084578,7.668314634478073
318,1.5643704267108605,12.654507482959264
319,2.502428981645953,16.20512186002575
320,5.4922666470612045,32.45735345502533
321,7.145959227000623,32.937285378615734
322,6.601973767177313,40.18661824544802
323,2.7993389694594284,16.717515590986796
324,9.54865280663194,52.95962966663474
325,7.378969166957685,37.815033980537365
326,5.543540525114007,31.943250435695173
327,6.117207462343522,31.4792061853703
328,4.196000624277899,22.732465199997886
329,2.4773098950115746,19.214612182791445
330,3.559726786512616,20.417269131036385
331,7.578461104643691,41.3271712695779
332,0.14393488629755868,5.459809892865302
333,1.1607264050691624,9.794995801291023
334,0.4600264202175275,5.60096991137479
335,0.40728802318970136,5.766362120880958
336,8.554605840110073,50.57986037102691
337,7.036578593800237,38.06765537493402
338,4.741738290873252,27.110889547796194
339,0.9783416065100148,9.993016824565299
340,4.916158751168323,29.791845621757588
341,4.734717707805657,29.047649150149045
342,1.7320186991001518,12.937553939559127
343,4.33851649237973,22.406572636437687
344,3.9850473439737346,26.192099784470862
345,6.158500980522165,31.499814116573447
346,6.350936508676438,35.35995347386025
347,0.4530400977204452,3.75664878856351
348,3.746126146264712,21.602354038137577
349,6.258599157142363,34.950520606318776
350,5.031362585800877,28.799527359904932
351,8.564898411883222,46.66833356788668
352,6.58693631618945,39.162104119064544
353,1.629344270814297,12.053789957099443
354,0.7056874740042984,6.040124099440194
355,6.424192782063156,37.0491382468925
356,0.26511310541621813,6.704506504930372
357,5.8577558127346325,29.833563433399178
358,9.402302414249576,51.206312210947594
359,5.75474177875879,33.17605437841575
360,3.881699262065219,21.813369303606112
361,6.432882184423532,37.9158245487409
362,4.582528904915167,25.612533350510777
363,5.45616789315935,30.531992372739833
364,9.41464808776525,49.727096790258514
365,3.8610263780077423,22.33628998520165
366,9.611905638239142,48.86697801740531
367,9.053506419560637,45.38743033261459
368,1.9579113478929644,15.978566865914765
369,0.6936130087516545,4.774142347121617
370,1.0077800137742665,6.056115369958717
371,0.18221825651549728,-0.395688944629943
372,0.944429607559284,6.444224542417416
373,6.830067734163569,34.50415908400285
374,0.7118864846022899,9.843462743284187
375,3.189756302937613,20.968415693373334
376,8.448753109694545,43.86746485811727
377,0.23271935735825866,8.668468397479911
378,8.144684825889358,45.68695510342998
379,2.8185477477339993,16.443075971652753
380,1.1816482762165625,3.9094299513356674
381,6.967371653641506,42.41874341338901
382,6.28942846779884,31.667997405467005
383,8.77472013527053,43.58280318243886
384,7.350710438038858,41.79869305421357
385,8.034809303848485,48.05355133192097
386,2.820345725713065,19.87027426558636
387,1.7743954377972282,12.999795429090861
388,7.506147516408584,41.72024626537349
389,8.06834739267264,45.04856808092382
390,9.905051420006734,54.0431142796072
391,4.126176769114265,24.193266693510076
392,3.720180857927832,21.809306497542913
393,7.764129607419968,41.6954617813008
394,3.4080354025301784,18.53224783491754
395,9.307573256035647,48.976516126444686
396,8.584127518430119,42.53472396375983
397,4.289940273750183,24.253022115161414
398,7.508710677914974,38.566371175273034
399,7.545428740846823,38.51996506980257
400,1.031238688359326,8.515981744103588
401,9.025529066795666,50.911649906667535
402,5.052523724478571,30.09925183439748
403,8.264574661077416,41.18187209814073
404,3.2004960103061175,17.023223778389912
405,8.955232284962005,49.65770380078646
406,3.892016787341631,20.495109149631535
407,0.1083765148029836,3.0926162740208687
408,9.053819764192637,49.36920301901229
409,0.9128667678613356,5.627644929579407
410,3.1931363759041487,19.176432891812663
411,9.50061967050805,47.83504736270384
412,9.506071469375561,49.32762205897538
413,5.734378881232861,32.31145827444938
414,6.318372121697992,31.40587314142662
415,4.4844552197831975,26.303225574836784
416,2.9321077169806453,17.621262987049867
417,3.2866454536991596,20.538207177330094
418,6.725184560770384,37.07375107198124
419,7.5237452943768,43.34700733183169
420,7.915790437258485,42.82940119158824
421,7.896181427945539,41.62209605747719
422,0.9120610304869037,7.804900158499086
423,4.944203047025814,28.807611293201848
424,0.5755876001664428,5.975658141483623
425,5.495288823237355,30.55762749859454
426,4.41530501373377,23.67254169305534
427,8.877041827582998,46.05940730281309
428,3.5091501255207866,17.740540084004547
429,1.1706701642760586,12.35250430775417
430,1.4299168205283586,7.661857631859222
431,7.615106317174723,39.6897211902818
432,6.182180633162611,32.47408863467466
433,1.0112267612279024,9.845982560028396
434,0.8410680611499743,6.615440949165816
435,7.009691314591199,40.54394071830347
436,0.7276300636419353,5.29116906972194
437,8.218600592903563,44.65099128896542
438,7.062422271564962,36.6414172513053
439,0.8134878064189976,11.357737287641765
440,0.8483771408519192,4.866688866200571
441,9.866395785011754,52.95162034551282
442,3.742707957561203,22.98109354967021
443,3.706421470668909,22.35970554824754
444,8.127995672575025,43.26940304511971
445,9.472485773838587,50.10278746972608
446,9.860010638228708,52.387676135101756
447,7.533781852589416,40.3749052596901
448,3.762595855309158,23.74073751013561
449,0.8350071669866876,11.596081838116142
450,7.771469159274368,40.74236222635617
451,5.58404249735805,28.180606527632094
452,4.242220092469763,24.034536365646307
453,9.06354385094736,53.47713793004544
454,1.1119748230615134,6.952524979368105
455,4.926251042908591,30.90948882543109
456,0.11353644767419069,6.923083866523835
457,4.6866064199412625,25.325855616290323
458,0.5630327568183735,6.953129942462418
459,1.1881791626807192,12.197689059660672
460,1.1752624677710488,8.11805685688027
461,6.492103021160636,35.05335438559846
462,7.460448792654233,39.138882135373876
463,5.833687650971596,30.13892479347225
464,9.621725484745419,49.81007233359508
465,3.748705795237041,19.295648442660692
466,2.8571208628186073,17.353771250611487
467,8.685991281894603,44.89000994735573
468,2.235958385194526,14.647363749554126
469,9.632225394406113,48.04933567962331
470,0.12154474689816341,4.269484198919731
471,9.69878826707639,53.160999258599794
472,0.43159911950576113,1.1705243123858948
473,8.911431136980712,48.3052688245987
474,5.277011090862999,31.84039343926158
475,9.929647961193004,50.22895776858261
476,0.7379656473539886,10.034973010445349
477,5.538542844013207,31.530752238798126
478,9.69302535619099,50.05510306943813
479,5.230978441701488,29.04335405319203
480,6.293986381352625,35.586585731806565
481,6.957486889846171,37.93944523205568
482,4.545410647677732,26.8045652232814
483,6.275580800840634,32.53655681804444
484,5.843143119231002,32.55443724422717
485,9.01158010490989,45.230471530739486
486,0.4544638034145787,5.049866894375493
487,2.809631895922303,15.240344196681933
488,9.504114840765588,49.049514318648406
489,8.902637838909163,49.98537554496669
490,4.55656752785713,27.965457880474187
491,6.201325978015367,35.22490613189119
492,2.7738118298113266,14.684433619711474
493,1.881211597237613,11.77324108679846
494,4.636984049399821,28.611115646957472
495,3.533522280260528,20.951045228582448
496,5.836561118508721,36.82146467250699
497,0.7773463696498484,7.6733675270379855
498,9.743948076661665,52.10383861628839
499,9.86210744479603,51.69230429557515
500,6.981617140197452,38.17516751055182
501,5.360963663441204,29.499878644444934
502,3.0952761628632777,19.89259816769357
503,8.137950197069486,45.6031556189366
504,6.847311725538793,35.66457970667807
505,1.626169393448913,8.468381060129008
506,9.109271844938425,44.87394847848553
507,8.22537242923169,45.142844799983536
508,9.49799913291924,48.28326245224845
509,7.2571950838836,34.98019423351303
510,6.134151959357899,34.44791700585142
511,4.182430362906189,28.898150849396526
512,9.327284833540133,49.62428234462088
513,8.660638895004084,47.980176023923704
514,0.45218670106189407,5.4245922224046
515,0.26366974497252005,4.120569418480315
516,3.7646336687804958,23.66132130987802
517,8.105533307818328,42.94711745071434
518,9.872761293149445,52.89859109389103
519,1.5041689110352818,11.164240167568437
520,5.941307153521351,31.370354860320653
521,3.8089085663102153,24.02862753062412
522,9.699143978146033,51.14580037733935
523,8.421189231357086,43.59445583779975
524,8.383287047111379,45.9894549226977
525,4.686931597949703,24.637722026166436
526,4.148195023376652,23.797337431621514
527,2.7340707193070624,16.65211560324691
528,0.5637549665092711,7.990565964209512
529,8.647223762550531,47.18551527851256
530,8.129010091300776,43.59499653901359
531,9.997176732861305,54.6214162627071
532,9.966368370739055,55.6122569517299
533,5.5543170560262745,31.887205892835098
534,7.689874151805105,41.47007599871229
535,9.44765729882428,47.614614029421084
536,8.496473906774115,43.35214220771983
537,2.4734810174319763,14.756955678450545
538,4.505441353100935,24.30818236118611
539,1.2915941515149498,9.084028151603857
540,9.540510272587223,50.81585121273034
541,6.0617463445088005,34.368117231257465
542,2.2864280550346274,14.291142719054953
543,6.7170068440585675,37.558037507945244
544,6.181282404578958,34.03536085251503
545,3.5816271803284048,16.95720276893428
546,1.1355759219962902,6.799208822343942
547,6.715731955927996,36.29048466819675
548,5.2030770090379335,26.59599555950745
549,7.723183917356393,42.81577704677437
550,5.201635011119934,32.06967672028706
551,8.5218150031854,48.046598719321636
552,5.519068387744856,30.16845619686386
553,5.609379715353863,34.02835085046922
554,8.76653602658345,47.13001504732148
555,4.034828662123971,22.499971368383775
556,1.3401522845064073,8.473956095450156
557,0.28782676313338973,3.834194442690692
558,7.55137255673619,39.98050914659849
559,6.203095513534647,34.35631001242421
560,7.0407976809922355,38.52513636706091
561,2.129641615089107,13.654300115752363
562,1.3637147558676976,10.692450118831188
563,0.14544665667881929,6.108525832966779
564,3.5058755880659698,22.428486211212494
565,5.899176868546331,29.52608840583185
566,3.922440450997323,17.504359985182703
567,4.374749220237291,26.742385923665005
568,9.041586944937483,45.47417732785658
569,3.4825546702330037,19.96324254737965
570,5.139894891598108,26.35924840587182
571,7.8365301274114305,38.57868976189711
572,3.9654278232127016,23.910064572473082
573,6.220867002278735,35.62264533199897
574,8.623637087467452,44.96516463588382
575,9.495206236576422,45.29394659859229
576,1.4707348092903794,9.26118514994693
577,9.265876251614944,50.112989268879815
578,4.921162930795382,24.647991516428654
579,2.5824438829895833,16.278939254506227
580,4.591357562382613,25.926168113567073
581,9.800325752854771,53.160211763476035
582,4.926180939928696,27.870065436471787
583,3.287516102875082,17.491442632612298
584,6.334008543167258,37.06318571916527
585,2.401456187781931,14.690221792855716
586,0.7586332810866392,6.738557326413332
587,1.2887972191064923,7.577450177386069
588,1.2804583895777244,8.5157274455056
589,1.5190269351229435,8.825529247560915
590,1.3882717264941014,9.595466512623661
591,6.4087474480321465,38.46715420044542
592,1.8188008439914483,9.350201934094528
593,3.456672833238632,17.05624137043968
594,8.967884099060118,50.78176115028781
595,4.739616402628723,26.279434658839882
596,6.675577385210271,35.039741448731526
597,1.7231987120162984,13.695802934873644
598,1.9228901880867078,11.40321986095981
599,0.40868616266478863,8.695450240417816
600,1.6893506307216455,12.802604896286766
601,2.7859033903195862,15.953694135306527
602,1.7701048427674682,16.16514064036835
603,0.8870253375705561,6.223696841846103
604,1.206358711006008,10.515984299048654
605,4.607787680327258,26.63752356244927
606,2.063337184057925,15.920168499087222
607,3.6426986104807546,24.33651544585748
608,5.034172708548569,28.234871840874376
609,6.903948286293653,36.0129056907759
610,0.39312139841098936,5.88555127793318
611,7.994103989090426,41.61508920594792
612,6.279003894909078,38.42179396959864
613,0.8175903194887191,7.36102225960907
614,8.735786241067773,45.94828810271464
615,9.208724005318132,49.41298063832048
616,0.6107795985486375,3.3596454136837943
617,2.7687764814720373,14.900654330338885
618,8.062012797930613,45.71089180554192
619,7.482596903836583,39.09919596124012
620,1.8452101935637732,10.132229002454986
621,2.093493233367103,14.540771671890086
622,3.70472102791382,23.895013448895092
623,4.845229851910213,28.664055880881197
624,6.1825477153029595,35.90483394812643
625,3.689136395697724,19.932091801349696
626,4.625347161331479,23.28311447317371
627,7.474709381337565,43.376214210598796
628,0.366832028905979,4.188800466845623
629,2.5243694434402073,15.120181184290942
630,7.133495858845524,41.32386757792573
631,8.952068376871994,48.87280190316129
632,5.116774421156661,29.495647649946523
633,5.321134852653157,33.93567895306795
634,1.0717201133977605,7.071564106228516
635,4.474123668234546,27.22629859733521
636,5.326172664550231,29.744889572545326
637,2.4247050363472966,15.660709739462996
638,2.6924323094938094,19.519098400294112
639,3.7728416310462265,22.87987966781038
640,0.20071197777726368,5.080152046985584
641,3.220791655831783,21.24897295377852
642,2.1144800699654462,12.84249489074146
643,3.2749735217791462,17.69644827421772
644,1.1976213181925122,6.898488202920493
645,8.90527280739895,43.593650858242746
646,5.935924535540487,36.79203693758308
647,6.791023191444896,34.74869922578111
648,7.891712386073383,42.01605468319537
649,4.984421989290572,27.36848334667502
650,0.8692028808742369,7.960827799989386
651,5.371065418185478,31.486801516005983
652,5.868411180208791,34.063002877763445
653,7.4543947418433,39.105818832078626
654,4.316595462296794,24.24873388391115
655,1.2758030279556376,9.944175040754788
656,2.8377590579872445,16.69141303756913
657,3.630822963986351,24.368805971971742
658,6.459172413316012,36.277811969856565
659,5.707783046689119,33.00867080554523
660,3.5609672589784624,22.130598832227136
661,9.865152487929796,54.67271015461964
662,6.057748193568871,33.65078408525177
663,2.372267917359945,12.267675690888032
664,1.0178247262040374,8.888499534525469
665,1.5285913918433203,9.340243171632943
666,2.459577283845081,14.240653055725893
667,1.6068137325955567,12.20679670048797
668,1.8656702405130576,14.80491734543256
669,2.850951686938471,17.29730158816448
670,1.7337359529475482,12.286345789935668
671,8.967654246264251,51.24270112059173
672,0.8023374566164221,7.493193642059247
673,5.245113895702547,34.428935706873524
674,4.103968269896615,24.650860640746163
675,9.823786169086064,48.597405327118686
676,1.1203890216805235,10.108628350611681
677,3.9785559904574166,23.655096722052637
678,9.69470433275369,54.053027171933934
679,8.655071258939802,47.62171899723892
680,8.1707207094928,43.57669157949645
681,2.579028270449398,13.44654487966826
682,1.7088758739006582,11.12633285493124
683,6.68643219924431,34.73112008780295
684,9.293759891275858,48.30775255676984
685,5.567628930139298,32.01530145953771
686,5.7161268946989985,34.920443482197804
687,2.7997909366028417,17.78829774266017
688,7.694929331919369,39.08288053552647
689,1.8704374855752337,13.241392764316451
690,3.2367923640424365,21.577224793503486
691,4.254364386164168,23.052256122182076
692,5.07610378684455,28.112484600876915
693,2.4240973241508024,15.149863010212405
694,1.1483682473920354,7.172044610795696
695,6.1062004244163255,34.82756298976935
696,2.8863055324025577,17.189631364797226
697,5.812382214226123,32.90097595894466
698,1.5436271527420231,8.943151408105916
699,4.811401018548175,26.182088492094053
700,5.325894325515859,31.074234343234835
701,0.5182353682242691,4.8455105369378115
702,3.366042781939206,23.28414161216284
703,1.3441467693897424,8.921461475719507
704,0.6337497047276774,6.618117975142159
705,9.899602323899453,54.36319328324344
706,3.2235384497472297,16.280960782870086
707,8.09874445854635,39.97210466877019
708,2.5464065476376385,12.680720109048002
709,6.8150272222392925,39.60030431805083
710,7.6022785988968655,39.90767670269943
711,5.956387406078443,37.89833560172872
712,4.715761885501584,25.450314230193143
713,4.118409141472686,23.9611483137575
714,3.4886826654299528,23.527633232285513
715,9.29529144247826,53.48864298870954
716,8.306194077877292,48.653977542659256
717,9.650269106665126,53.66807799451192
718,1.2429722348554473,11.26298622590016
719,7.308674752036443,40.72842765858458
720,9.383404568210379,51.47374499338517
721,1.8123306616566015,10.95928187562594
722,0.664962673667775,4.688415601494261
723,7.4112064929005905,40.04928354968105
724,5.744731131799119,31.38328641394574
725,8.41828776758272,44.18498273925905
726,1.397723766262895,11.381393726227905
727,7.952673118598902,44.67397601013553
728,2.0162732004774453,13.258179774970921
729,1.636559428657045,14.137857305395748
730,1.6426579793099294,8.929911668282637
731,8.14574720231382,43.34141709300967
732,6.651972206962001,34.8262163936044
733,5.230654247691193,25.420198004309846
734,3.5883048412350247,20.776162834489725
735,8.772005408131083,46.616532023888844
736,3.924451074226354,25.64915485761603
737,8.16599439471577,45.09159534268841
738,4.391349085702184,22.908371779852512
739,3.769444294249076,25.555406603913756
740,4.626797856696064,28.576056674531028
741,3.0137787416414206,19.233089115144335
742,7.476093801762511,39.92750081111289
743,5.027203900924792,26.217141031177
744,2.322126951468173,13.866221205198759
745,8.995745732745684,50.15622590313679
746,3.8389122137321143,25.963733680529792
747,5.435528611139886,33.264130112243805
748,9.06472110964547,47.3459067046548
749,6.242379959139921,31.972664929121585
750,1.1689804070836407,9.126674529240612
751,9.398321236134752,46.45472744954805
752,6.277080530714178,35.03173808194045
753,3.3490561465708613,19.450075560256966
754,1.3927207266338726,9.03153062943288
755,7.9402518927029595,39.5118533289812
756,6.200727559285135,35.03083800956511
757,5.334610919763215,28.607652919492253
758,8.938925830509577,45.354795481127304
759,7.885972112245307,36.68533613466323
760,1.5167487973275118,10.528714176536287
761,3.1172206779554825,22.1306065831169
762,2.4848913981446574,18.746975419819027
763,7.43946292572677,39.2831221154613
764,0.3353243473577938,3.472197616065408
765,5.698896848713165,32.43203275571587
766,7.624586857406905,39.126163408657945
767,8.767656367617494,47.4418656377264
768,3.4208174871590744,21.63624799256475
769,8.212573046720129,46.516731681369265
770,1.1063173695520723,8.331278694800456
771,8.464522917345182,44.915267086371976
772,1.2748866233198242,7.618467943085999
773,3.9728729056036727,21.210603819938644
774,7.972953657795536,42.41181050517463
775,1.4991742734877378,11.230602381071044
776,2.2925139523264146,16.289739014098572
777,7.222525683930662,37.506270518292624
778,7.200365365460744,41.98720396522276
779,6.411476328852973,34.51513444217973
780,6.939484444671001,37.65468763465813
781,5.427244433475962,28.641798809084165
782,2.5179905890695276,10.741472424801753
783,3.4569599350391944,22.052890467918072
784,1.8159771680142567,13.55357363425615
785,9.084505613336283,47.85987295244499
786,5.833917947661204,32.30357117275577
787,4.008514167636399,24.074449273590194
788,4.620058036441327,22.97519846843355
789,9.472833396118153,49.306061625898174
790,1.533514031160802,12.256099515047666
791,5.862298320167972,29.80291275450136
792,5.05888678884466,28.88154980855656
793,6.1145423543464785,30.859548162485584
794,0.18110183820840509,4.838369155909078
795,8.721239089441514,46.534912482612604
796,9.321182824836123,46.375650492369594
797,5.65133183589209,33.58613788837479
798,6.966508238768922,36.363358040248514
799,9.224993811772958,47.50446418483603
800,7.072386343133986,38.76307011013182
801,1.5253904291426135,12.924226844570498
802,5.762883601668132,29.782774370383866
803,6.067150463828559,33.459112018838745
804,4.24130671302386,25.064166565780447
805,7.3644423562472285,41.20842299576243
806,9.343670147690148,50.07123384900519
807,9.255685129067764,48.54436996717217
808,4.508393714041321,23.886788128909167
809,1.1323804584075525,8.834190058130512
810,9.848411989623346,50.097781924145515
811,8.388980864459342,39.102203355307495
812,1.2466268120326685,10.106253668478677
813,9.208418826173723,50.84996381304101
814,8.698963620621283,41.76895323202274
815,5.188380571260721,26.92244144688373
816,5.912754357449293,33.80208030925686
817,3.9900270387013026,27.065126132929908
818,0.5476163882203133,5.7796693564523824
819,3.3519724164590095,18.30385619983678
820,8.028534485980114,42.77687954769089
821,0.04632023004602859,5.981353988526513
822,3.334991716911442,18.38303022630814
823,3.9816869359094333,21.31005066624666
824,5.373956029379229,28.90429310253208
825,9.198556164127606,47.08612360412061
826,3.4634599436596125,20.562640350287655
827,3.469532018962277,23.597017011750506
828,7.3750124810974835,40.52122095171948
829,4.522179408898071,25.10619004023778
830,2.2460482293998196,13.64661860916801
831,4.524395161326934,22.49559418924136
832,1.4085702037979986,11.80907057328431
833,1.763869865062233,11.663674931285561
834,4.983677727394797,27.557428809792736
835,4.189254495045479,30.332487610917116
836,9.148459010681,49.33980087013637
837,3.623938991166331,19.616112855641287
838,5.805883502780435,31.17670232149109
839,6.322642879195303,36.91010581437002
840,0.13094456588333636,3.8812636504922104
841,6.635373720167106,33.3003126442008
842,1.7803596686975143,13.740256212637979
843,9.610703174694551,49.717227702394766
844,1.4866272775311296,14.179731940090738
845,4.146241237270237,25.891302317780486
846,0.8534966807864386,6.3728396126146905
847,9.968742518459473,55.40574531576759
848,5.021950103312426,28.245461537616936
849,5.953850173200438,34.474798216246626
850,0.6707647738842748,7.323289504010324
851,7.499604703991778,38.805310209977144
852,2.0990559309558576,12.208179990144364
853,8.980542894407137,49.96263610719801
854,2.0513964048200717,12.587431359887276
855,1.9068772066366657,11.727089106699335
856,0.3654966784809488,2.9172382337060383
857,4.720669451099992,27.450545386686883
858,5.648411332626164,35.36710650161711
859,0.6570863942835237,4.150366142909073
860,7.755276166950106,41.82481974809604
861,4.532888347480276,28.48888284823224
862,5.243902693275801,29.06023068388757
863,4.407627469382281,25.942880939410873
864,4.00763060875326,20.91336598747254
865,5.596403313082179,31.83863075982619
866,1.552402459307125,10.387723766526527
867,1.8192813049527112,14.067866516123281
868,8.617856210135173,48.46405315380537
869,9.461154621336327,55.48490039071886
870,3.7330931627975295,22.8247321604148
871,2.707446731435538,17.188826290342025
872,6.439995432390157,35.58874576510546
873,4.087341710980964,22.730375969283447
874,0.2538635566034486,4.946285469940626
875,1.5615259736619036,10.21682704803146
876,7.159722288473976,39.1355333949091
877,6.589239419101514,38.58139216672349
878,0.2709599250348349,2.3417144946148922
879,2.219721619329494,16.37836521890556
880,2.310747965880714,17.1879699640833
881,6.718927435987284,36.358500125954265
882,0.19710537754364155,-0.25818291029898166
883,1.0410858198457384,6.989785125039827
884,7.999160853731894,45.58979336178169
885,1.7854466205433361,11.881496978118916
886,6.527461078518747,33.63870092800391
887,2.381827810467265,13.89958920987989
888,0.9944139275934516,9.653309690976364
889,2.4317219099945406,16.25207668637546
890,7.2226693185565916,38.63548239444357
891,8.556964681062858,45.05117458168492
892,8.302198645669916,43.72747693026194
893,3.9718352961845484,21.014356111925736
894,6.680851365706461,39.63500820747119
895,2.0498429541582097,12.60457383236837
896,2.9314773026101326,20.091703554701656
897,8.963358185211197,50.85942302990089
898,0.13001923510736035,5.6467179718327225
899,0.8550853085446808,6.412185917287307
900,2.078862551460273,14.201772937974583
901,0.26532203873819715,4.278218980909153
902,1.8143543508979731,10.26436803302961
903,5.830415609696922,32.800796611927815
904,4.214245505924979,21.71314794730529
905,8.926717110769749,50.008944330771875
906,8.17443561738441,42.94294349232526
907,3.4181735169787597,20.49318689663948
908,2.594234334312925,16.53774741465691
909,3.7969240816726693,21.466810460955195
910,5.902949425148077,33.68813472869093
911,2.6806364082287626,15.453374727898765
912,6.24148907849134,35.95003998737119
913,4.0941165219124045,20.778623249068524
914,5.520471808519803,30.855118201691837
915,4.361265291353167,28.684184454882406
916,2.9446575954191765,15.722625327884733
917,9.484533069621566,49.06717540705812
918,7.636057941597608,42.208105407305865
919,1.4011317576645255,10.364822352201823
920,8.684679758979128,47.12465899344276
921,4.874311982495136,28.349934172771007
922,8.945522268940914,48.99705428182811
923,7.998552559473152,45.21216248127821
924,4.252135044692334,25.080312537318697
925,0.22469308320117398,3.640950106768785
926,2.686773593849461,17.779015371652765
927,5.416342146608669,33.88147460283378
928,6.334782198261473,34.40864349854222
929,2.578876854332023,13.945325662318833
930,1.3935607407282413,12.18196504221515
931,8.34930236799299,44.505749512057754
932,9.84402180703552,47.87476994314953
933,5.256901823026858,30.979352469435135
934,1.716792858483035,10.51330792050733
935,2.7230732651936895,16.434299761360126
936,0.18390676547466733,4.5834944885113655
937,9.14298806560499,49.09593968758308
938,1.1775108289014113,10.306457778785136
939,5.765164755142536,30.95485103457299
940,2.74055220687206,17.728972630712466
941,5.541780025157934,30.189806770621836
942,6.514203883518642,37.048640379368216
943,8.297418037072017,45.717825153386194
944,2.064212717606032,11.45018618394097
945,0.10995828658480478,5.721755665274088
946,1.3688563006880727,8.772354613212269
947,9.00018641848105,49.61704768896754
948,8.738900775625153,47.42907850492845
949,5.974131021703083,36.54702246210566
950,6.005168604336534,32.57891105693896
951,6.650366745462555,35.553200135076374
952,1.753712786234496,11.729724719397014
953,9.144119459249598,48.11423773057944
954,4.187705248920731,25.53841004848776
955,3.8313852824949746,18.924305195601697
956,5.189177052828375,26.838520425849172
957,0.46965966775055046,3.2126924955943656
958,1.662833687560794,13.214783621751122
959,7.380336164263705,43.32290756648237
960,0.8279866792512647,6.93103495918138
961,6.031521094663882,32.819962026939386
962,2.4534910968132095,15.40755981029241
963,3.8929561404197655,24.78853730731521
964,2.8869373677069987,15.579980570153845
965,3.5567271646494913,21.26037378871703
966,7.1904590518424545,40.90269051877713
967,2.9712171562317504,18.858274121038445
968,5.664046402968972,31.699395248042347
969,4.760504021990997,28.804612295089264
970,6.636711653626481,30.777093682133927
971,9.36829739324758,51.19723760529972
972,7.325720972102503,38.32045349425767
973,2.149403785907568,10.085753135824925
974,0.3118313506128467,5.581561952114195
975,2.622640442998251,18.86051930531717
976,5.9507793070025485,32.47899950575736
977,0.5142581348425035,7.477039768618395
978,4.963662472012364,31.04286887603911
979,5.968428489168892,35.471971353012556
980,3.3424389081696084,22.992123599590826
981,7.7091220374582194,43.02986516943488
982,1.065982531337718,8.480779934491775
983,0.7513778173580876,3.552957462996101
984,7.281887562036033,38.91731283392027
985,4.954913162061985,26.08807261967754
986,6.88402396427736,41.76200525638242
987,4.348273386037462,24.389595305322636
988,2.464020332391068,15.566511275524313
989,8.191023176741997,45.058086635790914
990,7.994158789689792,43.05799884119387
991,6.946964708544268,41.12492562358285
992,2.7214513722996267,15.361958138029228
993,5.902306668690871,32.90074825392884
994,3.6097389694002677,19.56375367560524
995,0.9158207332663415,4.939058643890297
996,9.173135754622429,47.642140591301576
997,1.368186309189614,9.766857951851247
998,9.502373538208024,49.6532632420056
999,4.460057729579558,23.915446688150077
